Phase,Task,Description,Start Date,End Date,Duration,Dependencies,Assigned To,Status,Deliverables,Risks,Mitigation
"Phase 1: Foundation","P1.1 - Project Initiation","Project charter, stakeholder alignment, and HashiCorp partnership establishment","2025-01-02","2025-01-08","7 days","None","Project Manager","Completed","Project Charter, Partnership Agreement","Resource availability","Early commitment processes"
"Phase 1: Foundation","P1.2 - Current State Assessment","Assessment of existing infrastructure automation maturity and tools","2025-01-06","2025-01-15","10 days","P1.1","Infrastructure Architect","Completed","Current State Report, Tool Inventory","Complex legacy automation","Phased migration strategy"
"Phase 1: Foundation","P1.3 - Platform Architecture Design","Design Terraform Enterprise platform architecture and deployment strategy","2025-01-13","2025-01-22","10 days","P1.2","Solution Architect","Completed","Architecture Design, Deployment Plan","Architecture complexity","Iterative design approach"
"Phase 1: Foundation","P1.4 - Security Framework Design","Design security controls, policies, and compliance framework","2025-01-20","2025-01-29","10 days","P1.3","Security Architect","Completed","Security Architecture, Policy Framework","Security requirements","Security expert consultation"
"Phase 1: Foundation","P1.5 - Governance Strategy","Define governance model, policies, and operational procedures","2025-01-27","2025-02-05","10 days","P1.4","Governance Lead","Completed","Governance Framework, Policy Catalog","Governance resistance","Change management approach"
"Phase 2: Platform Setup","P2.1 - Infrastructure Provisioning","Provision underlying infrastructure for Terraform Enterprise platform","2025-02-03","2025-02-10","8 days","P1.5","Cloud Engineer","Completed","Platform Infrastructure, Network Setup","Infrastructure dependencies","Cloud-agnostic approach"
"Phase 2: Platform Setup","P2.2 - Terraform Enterprise Installation","Install and configure Terraform Enterprise platform","2025-02-08","2025-02-15","8 days","P2.1","Platform Engineer","Completed","TFE Installation, Base Configuration","Installation complexity","HashiCorp support engagement"
"Phase 2: Platform Setup","P2.3 - Authentication Integration","Integrate with corporate identity provider and configure RBAC","2025-02-12","2025-02-19","8 days","P2.2","Identity Engineer","Completed","SSO Integration, RBAC Configuration","Identity integration","Identity team collaboration"
"Phase 2: Platform Setup","P2.4 - VCS Integration","Configure version control system integration and workflow automation","2025-02-16","2025-02-23","8 days","P2.3","DevOps Engineer","Completed","VCS Integration, Webhook Configuration","VCS complexity","Multiple VCS support"
"Phase 2: Platform Setup","P2.5 - Monitoring Setup","Deploy monitoring, logging, and alerting for platform operations","2025-02-20","2025-02-27","8 days","P2.4","Monitoring Engineer","Completed","Monitoring Stack, Alert Configuration","Monitoring coverage","Comprehensive monitoring strategy"
"Phase 3: Core Modules","P3.1 - Module Standards","Define module development standards and testing frameworks","2025-02-24","2025-03-03","8 days","P2.5","Module Architect","Completed","Module Standards, Testing Framework","Standards adoption","Developer training program"
"Phase 3: Core Modules","P3.2 - AWS Module Library","Develop core AWS infrastructure modules","2025-03-01","2025-03-10","10 days","P3.1","AWS Engineer","Completed","AWS Module Library, Documentation","AWS complexity","Modular development approach"
"Phase 3: Core Modules","P3.3 - Azure Module Library","Develop core Azure infrastructure modules","2025-03-08","2025-03-17","10 days","P3.2","Azure Engineer","Completed","Azure Module Library, Documentation","Azure complexity","Parallel development streams"
"Phase 3: Core Modules","P3.4 - GCP Module Library","Develop core Google Cloud infrastructure modules","2025-03-15","2025-03-24","10 days","P3.3","GCP Engineer","Completed","GCP Module Library, Documentation","GCP complexity","Cross-platform consistency"
"Phase 3: Core Modules","P3.5 - Private Module Registry","Configure private module registry and publication workflows","2025-03-22","2025-03-31","10 days","P3.4","Registry Engineer","Completed","Module Registry, Publication Pipeline","Registry complexity","Automated publishing"
"Phase 4: Policy Implementation","P4.1 - Sentinel Policy Framework","Develop Sentinel policy framework and testing infrastructure","2025-03-29","2025-04-07","10 days","P3.5","Policy Engineer","Completed","Policy Framework, Testing Suite","Policy complexity","Incremental policy rollout"
"Phase 4: Policy Implementation","P4.2 - Security Policies","Implement security policies for infrastructure compliance","2025-04-05","2025-04-14","10 days","P4.1","Security Policy Engineer","Completed","Security Policy Library, Enforcement Rules","Policy enforcement","Security team collaboration"
"Phase 4: Policy Implementation","P4.3 - Cost Control Policies","Develop cost optimization and budget control policies","2025-04-12","2025-04-21","10 days","P4.2","FinOps Engineer","Completed","Cost Policy Library, Budget Controls","Cost policy effectiveness","Cost monitoring integration"
"Phase 4: Policy Implementation","P4.4 - Compliance Policies","Implement regulatory and corporate compliance policies","2025-04-19","2025-04-28","10 days","P4.3","Compliance Engineer","Completed","Compliance Policy Library, Audit Controls","Compliance complexity","Regulatory expert input"
"Phase 4: Policy Implementation","P4.5 - Policy Testing","Comprehensive testing of all policies and enforcement mechanisms","2025-04-26","2025-05-05","10 days","P4.4","QA Engineer","Completed","Policy Test Results, Validation Report","Policy testing coverage","Automated testing framework"
"Phase 5: Workflow Integration","P5.1 - CI/CD Integration","Integrate Terraform workflows with existing CI/CD pipelines","2025-05-03","2025-05-12","10 days","P4.5","Pipeline Engineer","Completed","CI/CD Integration, Automated Workflows","Pipeline complexity","Modular integration approach"
"Phase 5: Workflow Integration","P5.2 - Approval Workflows","Implement approval workflows for infrastructure changes","2025-05-10","2025-05-19","10 days","P5.1","Workflow Engineer","Completed","Approval Workflows, Notification System","Workflow adoption","User experience focus"
"Phase 5: Workflow Integration","P5.3 - State Migration","Migrate existing Terraform state to centralized management","2025-05-17","2025-05-26","10 days","P5.2","State Engineer","Completed","State Migration, Backup Procedures","State corruption risk","Comprehensive backup strategy"
"Phase 5: Workflow Integration","P5.4 - API Integration","Develop API integrations with enterprise tools and systems","2025-05-24","2025-06-02","10 days","P5.3","API Developer","Completed","API Integrations, SDK Libraries","Integration complexity","API-first design approach"
"Phase 5: Workflow Integration","P5.5 - Workspace Organization","Organize workspaces and implement team-based access controls","2025-05-31","2025-06-09","10 days","P5.4","Workspace Manager","Completed","Workspace Structure, Access Controls","Access complexity","Role-based design"
"Phase 6: Testing and Validation","P6.1 - Module Testing","Comprehensive testing of all infrastructure modules","2025-06-07","2025-06-16","10 days","P5.5","Test Engineer","Completed","Module Test Results, Quality Report","Test coverage","Automated testing pipeline"
"Phase 6: Testing and Validation","P6.2 - Policy Validation","End-to-end validation of policy enforcement and compliance","2025-06-14","2025-06-23","10 days","P6.1","Policy Tester","Completed","Policy Validation Report, Compliance Check","Policy effectiveness","Policy refinement process"
"Phase 6: Testing and Validation","P6.3 - Performance Testing","Platform performance testing under expected workloads","2025-06-21","2025-06-30","10 days","P6.2","Performance Tester","Completed","Performance Test Results, Capacity Baseline","Performance issues","Performance optimization"
"Phase 6: Testing and Validation","P6.4 - Security Testing","Security testing and penetration testing of platform","2025-06-28","2025-07-07","10 days","P6.3","Security Tester","Completed","Security Test Results, Vulnerability Assessment","Security vulnerabilities","Immediate remediation"
"Phase 6: Testing and Validation","P6.5 - User Acceptance Testing","End-user acceptance testing and workflow validation","2025-07-05","2025-07-14","10 days","P6.4","Business Analyst","Completed","UAT Results, User Feedback","User acceptance","User training enhancement"
"Phase 7: Production Deployment","P7.1 - Production Environment","Prepare production environment and deployment procedures","2025-07-12","2025-07-21","10 days","P6.5","Production Engineer","Completed","Production Environment, Deployment Runbook","Production readiness","Comprehensive checklist"
"Phase 7: Production Deployment","P7.2 - Team Migration","Migrate development teams to Terraform Enterprise platform","2025-07-19","2025-07-28","10 days","P7.1","Migration Engineer","Completed","Team Migration, Workflow Transition","Migration resistance","Change management support"
"Phase 7: Production Deployment","P7.3 - Training Delivery","Deliver comprehensive training program for all users","2025-07-26","2025-08-04","10 days","P7.2","Training Manager","Completed","Training Materials, Certification Program","Training effectiveness","Hands-on learning approach"
"Phase 7: Production Deployment","P7.4 - Go-Live Support","Provide intensive support during initial production period","2025-08-02","2025-08-11","10 days","P7.3","Support Team","Completed","Support Documentation, Issue Resolution","Support complexity","24/7 support coverage"
"Phase 7: Production Deployment","P7.5 - Knowledge Transfer","Transfer platform knowledge to operations and support teams","2025-08-09","2025-08-18","10 days","P7.4","Knowledge Manager","Completed","Knowledge Transfer, Documentation","Knowledge gaps","Structured knowledge transfer"
"Ongoing Operations","O1 - Platform Operations","Continuous platform monitoring and operational support","2025-08-20","Ongoing","Continuous","P7.5","Operations Team","Active","Operations Reports","Platform issues","Proactive monitoring"
"Ongoing Operations","O2 - Module Development","Ongoing development and enhancement of infrastructure modules","2025-08-20","Ongoing","Continuous","P7.5","Module Team","Active","Module Updates","Module quality","Continuous improvement"
"Ongoing Operations","O3 - Policy Evolution","Continuous policy development and compliance enhancement","2025-08-20","Ongoing","Continuous","P7.5","Policy Team","Active","Policy Updates","Compliance gaps","Regular policy reviews"
"Ongoing Operations","O4 - User Support","Ongoing user support and platform optimization","2025-08-20","Ongoing","Continuous","P7.5","Support Team","Active","Support Reports","User issues","Knowledge base enhancement"
"Ongoing Operations","O5 - Platform Enhancement","Continuous platform enhancement and feature development","2025-08-20","Ongoing","Continuous","P7.5","Enhancement Team","Active","Enhancement Reports","Feature complexity","Agile development approach"